Script started on Sat 05 Mar 2022 10:14:21 PM PST
[?1034hbash-4.2$ ./array_bubble_sorting_algorithm.out

This is program which demonstrates the bubble sorting algorithm using arrays.

Original array:
13
95
53
72
26
93
70
60
25
43
64
68
63
52
69
34
41
49
29
95
63
12
92
90
84
3
89
31
8
11
53
72
57
57
43
83
2
64
94
26
58
57
94
73
9
14
6
49
14
34
96
77
97
87
18
80
89
58
63
48
20
67
19
77
75
14
11
76
77
4
54
35
60
99
7
68
12
64
69
78
49
64
54
45
50
71
77
91
28
91
38
100
57
9
76
83
22
38
59
50

Sorted array:
2
3
4
6
7
8
9
9
11
11
12
12
13
14
14
14
18
19
20
22
25
26
26
28
29
31
34
34
35
38
38
41
43
43
45
48
49
49
49
50
50
52
53
53
54
54
57
57
57
57
58
58
59
60
60
63
63
63
64
64
64
64
67
68
68
69
69
70
71
72
72
73
75
76
76
77
77
77
77
78
80
83
83
84
87
89
89
90
91
91
92
93
94
94
95
95
96
97
99
100

bash-4.2$ ./array_selection_sorting_algorithm.out

This is program which demonstrates the selection sorting algorithm using arrays.

Original array:
74
58
82
12
2
40
71
31
27
6
52
4
61
73
61
62
48
96
42
92
38
2
57
63
32
67
83
13
60
83
45
33
40
78
96
41
69
19
72
95
24
75
50
37
99
11
98
46
6
39
89
95
93
97
58
24
15
92
88
74
74
84
58
13
61
53
6
29
23
29
24
99
3
73
35
53
35
32
50
92
70
38
87
14
86
44
37
100
35
25
73
60
8
82
72
69
86
77
49
9

Sorted array:
2
2
3
4
6
6
6
8
9
11
12
13
13
14
15
19
23
24
24
24
25
27
29
29
31
32
32
33
35
35
35
37
37
38
38
39
40
40
41
42
44
45
46
48
49
50
50
52
53
53
57
58
58
58
60
60
61
61
61
62
63
67
69
69
70
71
72
72
73
73
73
74
74
74
75
77
78
82
82
83
83
84
86
86
87
88
89
92
92
92
93
95
95
96
96
97
98
99
99
100

bash-4.2$ exit
exit

Script done on Sat 05 Mar 2022 10:15:08 PM PST
